1 2 12
2 3 13
3 4 14
4 5 15
5 6 15 16 26
6 7 16
7 8 17
8 9 17 18
9 10 19
10 11 19 20
11 21
12 13 22
13 14 23
14 15 24
15 16 25
16 17 27
17 18 28
18 19 29
19 20 30
20 21 30 40
21 41 42
22 23 31
23 24 31 32
24 25 33
25 26 34 35
26 27 35
27 28 35 36
28 29 37
29 30 38 39
30 39
31 32 43
32 33 44
33 34 44 45
34 35 45 46
35 36 46 47
36 37 47 48
37 38 48 49
38 39 49 50
39 40 50 51
40 41 51 52
41 42 52 53
42 43 53 54
43 44 55
44 45 55 56
45 46 57 58
46 47 58 59
47 48 59 60
48 49 60 61
49 50 61
50 51 62
51 52 63
52 53 64 65
53 54 65 66
54 66
55 56 67
56 57 67 68
57 58 68
58 59 69
59 60 70
60 61 71 72
61 62 72 73
62 63 73 74
63 64 74 75
64 65 75 76 77
65 66 77 78
66 78
67 68 79 80
68 69 80 81
69 70 81 82
70 71 82 83
71 72 83 84
72 73 84 85
73 74 85 86
74 75 86 87
75 76 87 88
76 77 88 89
77 78
78
79 80 90
80 81 91
81 82 92
82 83 93
83 84 94
84 85 95
85 86 96
86 87 97
87 88 98
88 89 98 99
89 99
90 91
91 92
92 93
93 94
94 95
95 96
96 97
97 98
98 99
99
